Date;Projet;Description;Temps (en heure);Tache
2019-08-31;ODGProvence;TMA Direction technique;3,5;Hébergement
